{
    "overall_distance_train": [
        [
            0.0,
            0.5040793588315237,
            0.5001959615990517,
            0.5073420936606778,
            0.533475397745763,
            0.57601736084948,
            0.6316613016482805,
            0.6972775630980822,
            0.7703220105903764,
            0.8488792611437742,
            0.9315556880831118,
            1.017347531574142,
            1.0,
            1.25,
            1.3287682265918312,
            1.3707320124663318,
            1.3922918381215914,
            1.5000653319105803,
            1.5000653319105803,
            1.5000653319105803,
            1.5000653319105803,
            1.1181216391788507,
            1.5000653319105803,
            1.5000653319105803,
            1.5000653319105803,
            1.5000653319105803,
            1.5000653319105803,
            1.0,
            1.5000653319105803,
            1.5000653319105803,
            1.5000653319105803,
            1.5000653319105803,
            1.1181216391788507,
            1.5000653319105803,
            1.5000653319105803,
            1.5000653319105803,
            1.5000653319105803,
            1.5000653319105803,
            1.1181216391788507,
            1.1181216391788507,
            1.4265328597687472,
            1.1213367023334249
        ],
        [
            0.5040793588315237,
            0.0,
            0.05,
            0.15000000000000002,
            0.25,
            0.35000000000000003,
            0.45,
            0.5499999999999999,
            0.6499999999999999,
            0.75,
            0.85,
            0.95,
            1.1198642774908039,
            1.0327613470691088,
            1.0699163518705563,
            1.0933902551239425,
            1.1062651411393203,
            1.4150971698084907,
            1.4150971698084907,
            1.4150971698084907,
            1.4150971698084907,
            1.0012492197250393,
            1.4150971698084907,
            1.4150971698084907,
            1.4150971698084907,
            1.4150971698084907,
            1.4150971698084907,
            1.1198642774908039,
            1.4150971698084907,
            1.4150971698084907,
            1.4150971698084907,
            1.4150971698084907,
            1.0012492197250393,
            1.4150971698084907,
            1.4150971698084907,
            1.4150971698084907,
            1.4150971698084907,
            1.4150971698084907,
            1.0012492197250393,
            1.0012492197250393,
            1.379311422413372,
            1.0111874208078342
        ],
        [
            0.5001959615990517,
            0.05,
            0.0,
            0.1,
            0.19999999999999998,
            0.30000000000000004,
            0.4,
            0.5,
            0.6,
            0.7000000000000001,
            0.8,
            0.9,
            1.1181216391788507,
            1.0308714759852462,
            1.0680922244825117,
            1.0916053545123348,
            1.1045010468532839,
            1.4142135623730951,
            1.4142135623730951,
            1.4142135623730951,
            1.4142135623730951,
            1.0,
            1.4142135623730951,
            1.4142135623730951,
            1.4142135623730951,
            1.4142135623730951,
            1.4142135623730951,
            1.1181216391788507,
            1.4142135623730951,
            1.4142135623730951,
            1.4142135623730951,
            1.4142135623730951,
            1.0,
            1.4142135623730951,
            1.4142135623730951,
            1.4142135623730951,
            1.4142135623730951,
            1.4142135623730951,
            1.0,
            1.0,
            1.3453624047073711,
            1.004987562112089
        ],
        [
            0.5073420936606778,
            0.15000000000000002,
            0.1,
            0.0,
            0.09999999999999998,
            0.2,
            0.3,
            0.39999999999999997,
            0.49999999999999994,
            0.6000000000000001,
            0.7,
            0.8,
            1.1213367023334249,
            1.034357771759849,
            1.0714574186592765,
            1.094898282946868,
            1.1077556420528851,
            1.4177446878757824,
            1.4177446878757824,
            1.4177446878757824,
            1.4177446878757824,
            1.004987562112089,
            1.4177446878757824,
            1.4177446878757824,
            1.4177446878757824,
            1.4177446878757824,
            1.4177446878757824,
            1.1213367023334249,
            1.4177446878757824,
            1.4177446878757824,
            1.4177446878757824,
            1.4177446878757824,
            1.004987562112089,
            1.4177446878757824,
            1.4177446878757824,
            1.4177446878757824,
            1.4177446878757824,
            1.4177446878757824,
            1.004987562112089,
            1.004987562112089,
            1.2806248474865698,
            1.0
        ],
        [
            0.533475397745763,
            0.25,
            0.19999999999999998,
            0.09999999999999998,
            0.0,
            0.10000000000000003,
            0.2,
            0.3,
            0.39999999999999997,
            0.5,
            0.6000000000000001,
            0.7,
            1.1334001941062124,
            1.0474235055601913,
            1.0840761043395433,
            1.1072498588846151,
            1.1199654291539538,
            1.42828568570857,
            1.42828568570857,
            1.42828568570857,
            1.42828568570857,
            1.019803902718557,
            1.42828568570857,
            1.42828568570857,
            1.42828568570857,
            1.42828568570857,
            1.42828568570857,
            1.1334001941062124,
            1.42828568570857,
            1.42828568570857,
            1.42828568570857,
            1.42828568570857,
            1.019803902718557,
            1.42828568570857,
            1.42828568570857,
            1.42828568570857,
            1.42828568570857,
            1.42828568570857,
            1.019803902718557,
            1.019803902718557,
            1.2206555615733703,
            1.004987562112089
        ],
        [
            0.57601736084948,
            0.35000000000000003,
            0.30000000000000004,
            0.2,
            0.10000000000000003,
            0.0,
            0.09999999999999998,
            0.19999999999999996,
            0.29999999999999993,
            0.4,
            0.5,
            0.6,
            1.154034661524514,
            1.0697177197747076,
            1.1056314937627274,
            1.1283626411752563,
            1.1408429175394832,
            1.445683229480096,
            1.445683229480096,
            1.445683229480096,
            1.445683229480096,
            1.044030650891055,
            1.445683229480096,
            1.445683229480096,
            1.445683229480096,
            1.445683229480096,
            1.445683229480096,
            1.154034661524514,
            1.445683229480096,
            1.445683229480096,
            1.445683229480096,
            1.445683229480096,
            1.044030650891055,
            1.445683229480096,
            1.445683229480096,
            1.445683229480096,
            1.445683229480096,
            1.445683229480096,
            1.044030650891055,
            1.044030650891055,
            1.16619037896906,
            1.019803902718557
        ],
        [
            0.6316613016482805,
            0.45,
            0.4,
            0.3,
            0.2,
            0.09999999999999998,
            0.0,
            0.09999999999999998,
            0.19999999999999996,
            0.30000000000000004,
            0.4,
            0.5,
            1.1827916130916722,
            1.100679789948012,
            1.1356148114567721,
            1.1577574227790552,
            1.1699241695511722,
            1.469693845669907,
            1.469693845669907,
            1.469693845669907,
            1.469693845669907,
            1.077032961426901,
            1.469693845669907,
            1.469693845669907,
            1.469693845669907,
            1.469693845669907,
            1.469693845669907,
            1.1827916130916722,
            1.469693845669907,
            1.469693845669907,
            1.469693845669907,
            1.469693845669907,
            1.077032961426901,
            1.469693845669907,
            1.469693845669907,
            1.469693845669907,
            1.469693845669907,
            1.469693845669907,
            1.077032961426901,
            1.077032961426901,
            1.118033988749895,
            1.044030650891055
        ],
        [
            0.6972775630980822,
            0.5499999999999999,
            0.5,
            0.39999999999999997,
            0.3,
            0.19999999999999996,
            0.09999999999999998,
            0.0,
            0.09999999999999998,
            0.20000000000000007,
            0.30000000000000004,
            0.4,
            1.2190963866733426,
            1.1396034397982484,
            1.1733801600504417,
            1.1948231040618524,
            1.2066161620415998,
            1.5,
            1.5,
            1.5,
            1.5,
            1.118033988749895,
            1.5,
            1.5,
            1.5,
            1.5,
            1.5,
            1.2190963866733426,
            1.5,
            1.5,
            1.5,
            1.5,
            1.118033988749895,
            1.5,
            1.5,
            1.5,
            1.5,
            1.5,
            1.118033988749895,
            1.118033988749895,
            1.077032961426901,
            1.0770329614269007
        ],
        [
            0.7703220105903764,
            0.6499999999999999,
            0.6,
            0.49999999999999994,
            0.39999999999999997,
            0.29999999999999993,
            0.19999999999999996,
            0.09999999999999998,
            0.0,
            0.10000000000000009,
            0.20000000000000007,
            0.30000000000000004,
            1.2622979046168143,
            1.1857048536630015,
            1.218204005903773,
            1.2388713613608153,
            1.2502490001995603,
            1.5362291495737217,
            1.5362291495737217,
            1.5362291495737217,
            1.5362291495737217,
            1.16619037896906,
            1.5362291495737217,
            1.5362291495737217,
            1.5362291495737217,
            1.5362291495737217,
            1.5362291495737217,
            1.2622979046168143,
            1.5362291495737217,
            1.5362291495737217,
            1.5362291495737217,
            1.5362291495737217,
            1.16619037896906,
            1.5362291495737217,
            1.5362291495737217,
            1.5362291495737217,
            1.5362291495737217,
            1.5362291495737217,
            1.16619037896906,
            1.16619037896906,
            1.044030650891055,
            1.118033988749895
        ],
        [
            0.8488792611437742,
            0.75,
            0.7000000000000001,
            0.6000000000000001,
            0.5,
            0.4,
            0.30000000000000004,
            0.20000000000000007,
            0.10000000000000009,
            0.0,
            0.09999999999999998,
            0.19999999999999996,
            1.3117149080497637,
            1.2381825390466463,
            1.2693388042599185,
            1.2891866622021808,
            1.3001240565807557,
            1.57797338380595,
            1.57797338380595,
            1.57797338380595,
            1.57797338380595,
            1.2206555615733703,
            1.57797338380595,
            1.57797338380595,
            1.57797338380595,
            1.57797338380595,
            1.57797338380595,
            1.3117149080497637,
            1.57797338380595,
            1.57797338380595,
            1.57797338380595,
            1.57797338380595,
            1.2206555615733703,
            1.57797338380595,
            1.57797338380595,
            1.57797338380595,
            1.57797338380595,
            1.57797338380595,
            1.2206555615733703,
            1.2206555615733703,
            1.019803902718557,
            1.1661903789690602
        ],
        [
            0.9315556880831118,
            0.85,
            0.8,
            0.7,
            0.6000000000000001,
            0.5,
            0.4,
            0.30000000000000004,
            0.20000000000000007,
            0.09999999999999998,
            0.0,
            0.09999999999999998,
            1.3666733333170733,
            1.2962623191314326,
            1.3260546745892494,
            1.3450658905793427,
            1.3555524934505487,
            1.624807680927192,
            1.624807680927192,
            1.624807680927192,
            1.624807680927192,
            1.2806248474865698,
            1.624807680927192,
            1.624807680927192,
            1.624807680927192,
            1.624807680927192,
            1.624807680927192,
            1.3666733333170733,
            1.624807680927192,
            1.624807680927192,
            1.624807680927192,
            1.624807680927192,
            1.2806248474865698,
            1.624807680927192,
            1.624807680927192,
            1.624807680927192,
            1.624807680927192,
            1.624807680927192,
            1.2806248474865698,
            1.2806248474865698,
            1.004987562112089,
            1.2206555615733703
        ],
        [
            1.017347531574142,
            0.95,
            0.9,
            0.8,
            0.7,
            0.6,
            0.5,
            0.4,
            0.30000000000000004,
            0.19999999999999996,
            0.09999999999999998,
            0.0,
            1.4265328597687472,
            1.3592262504822368,
            1.3876674673710558,
            1.4058457418934696,
            1.415882255874407,
            1.676305461424021,
            1.676305461424021,
            1.676305461424021,
            1.676305461424021,
            1.3453624047073711,
            1.676305461424021,
            1.676305461424021,
            1.676305461424021,
            1.676305461424021,
            1.676305461424021,
            1.4265328597687472,
            1.676305461424021,
            1.676305461424021,
            1.676305461424021,
            1.676305461424021,
            1.3453624047073711,
            1.676305461424021,
            1.676305461424021,
            1.676305461424021,
            1.676305461424021,
            1.676305461424021,
            1.3453624047073711,
            1.3453624047073711,
            1.0,
            1.2806248474865698
        ],
        [
            0.5,
            0.7099971830930035,
            0.7072453605362145,
            0.7123173450085292,
            0.7311607210456535,
            0.7627555309533979,
            0.8056028798359649,
            0.8580186478160017,
            0.918365940134977,
            0.9851883068733611,
            1.057258719519494,
            1.1335766405497247,
            0.0,
            0.75,
            0.875,
            0.9375,
            0.96875,
            1.1181216391788507,
            1.1181216391788507,
            1.1181216391788507,
            1.1181216391788507,
            0.5001959615990517,
            1.1181216391788507,
            1.1181216391788507,
            1.1181216391788507,
            1.1181216391788507,
            1.1181216391788507,
            0.5,
            1.224824885442813,
            1.224824885442813,
            1.224824885442813,
            1.224824885442813,
            0.7072453605362145,
            1.224824885442813,
            1.224824885442813,
            1.224824885442813,
            1.224824885442813,
            1.224824885442813,
            0.7072453605362145,
            0.7072453605362145,
            1.1335766405497247,
            1.1213367023334249
        ],
        [
            0.9013878188659973,
            0.5626686413867401,
            0.5591922746247483,
            0.5655934935976544,
            0.5891485381463659,
            0.6279299323969196,
            0.6793349689218126,
            0.7407401703701507,
            0.8098740642840713,
            0.8849271156428646,
            0.9645185327405587,
            1.047614432890269,
            0.75,
            0.0,
            0.125,
            0.1875,
            0.21875,
            1.0308714759852462,
            1.0308714759852462,
            1.0308714759852462,
            1.0308714759852462,
            0.25039169315294785,
            1.0308714759852462,
            1.0308714759852462,
            1.0308714759852462,
            1.0308714759852462,
            1.0308714759852462,
            0.9013878188659973,
            1.145729461958625,
            1.145729461958625,
            1.145729461958625,
            1.145729461958625,
            0.5591922746247483,
            1.145729461958625,
            1.145729461958625,
            1.145729461958625,
            1.145729461958625,
            1.145729461958625,
            0.5591922746247483,
            0.5591922746247483,
            1.047614432890269,
            1.034357771759849
        ],
        [
            1.0077822185373186,
            0.6282682548084059,
            0.625156780335941,
            0.6308890552228656,
            0.6520897177536232,
            0.6873288877968101,
            0.7345890007344243,
            0.7917202788864258,
            0.8567502553253195,
            0.9280199351307061,
            1.0042016729721177,
            1.0842605775365994,
            0.875,
            0.125,
            0.0,
            0.0625,
            0.09375,
            1.0680922244825117,
            1.0680922244825117,
            1.0680922244825117,
            1.0680922244825117,
            0.37526124233658875,
            1.0680922244825117,
            1.0680922244825117,
            1.0680922244825117,
            1.0680922244825117,
            1.0680922244825117,
            1.0077822185373186,
            1.1793307424128314,
            1.1793307424128314,
            1.1793307424128314,
            1.1793307424128314,
            0.625156780335941,
            1.1793307424128314,
            1.1793307424128314,
            1.1793307424128314,
            1.1793307424128314,
            1.1793307424128314,
            0.625156780335941,
            0.625156780335941,
            1.0842605775365994,
            1.0714574186592765
        ],
        [
            1.0625,
            0.6674595493361377,
            0.6645316019573486,
            0.6699270482671975,
            0.6899291630305244,
            0.7233272081153868,
            0.7683763726195646,
            0.8231659917659377,
            0.8858906535233342,
            0.9549880889309562,
            1.0291755195300751,
            1.107430471858166,
            0.9375,
            0.1875,
            0.0625,
            0.0,
            0.03125,
            1.0916053545123348,
            1.0916053545123348,
            1.0916053545123348,
            1.0916053545123348,
            0.43772394268534137,
            1.0916053545123348,
            1.0916053545123348,
            1.0916053545123348,
            1.0916053545123348,
            1.0916053545123348,
            1.0625,
            1.2006674185635255,
            1.2006674185635255,
            1.2006674185635255,
            1.2006674185635255,
            0.6645316019573486,
            1.2006674185635255,
            1.2006674185635255,
            1.2006674185635255,
            1.2006674185635255,
            1.2006674185635255,
            0.6645316019573486,
            0.6645316019573486,
            1.107430471858166,
            1.094898282946868
        ],
        [
            1.0901727214070256,
            0.6883477046522346,
            0.6855089806122163,
            0.6907405898743754,
            0.7101567168590325,
            0.7426456506975584,
            0.7865891955144058,
            0.8401919795499121,
            0.9017330882805621,
            0.9697023061228637,
            1.0428434985653408,
            1.1201439918599752,
            0.96875,
            0.21875,
            0.09375,
            0.03125,
            0.0,
            1.1045010468532839,
            1.1045010468532839,
            1.1045010468532839,
            1.1045010468532839,
            0.4689590200646534,
            1.1045010468532839,
            1.1045010468532839,
            1.1045010468532839,
            1.1045010468532839,
            1.1045010468532839,
            1.0901727214070256,
            1.21240363019087,
            1.21240363019087,
            1.21240363019087,
            1.21240363019087,
            0.6855089806122163,
            1.21240363019087,
            1.21240363019087,
            1.21240363019087,
            1.21240363019087,
            1.21240363019087,
            0.6855089806122163,
            0.6855089806122163,
            1.1201439918599752,
            1.1077556420528851
        ],
        [
            1.224824885442813,
            1.1191514642799696,
            1.118033988749895,
            1.1224972160321824,
            1.1357816691600546,
            1.1575836902790226,
            1.1874342087037917,
            1.224744871391589,
            1.268857754044952,
            1.319090595827292,
            1.374772708486752,
            1.4352700094407325,
            1.1181216391788507,
            1.0308714759852462,
            1.0680922244825117,
            1.0916053545123348,
            1.1045010468532839,
            0.0,
            1.0,
            1.0,
            1.0,
            1.0,
            1.0,
            1.0,
            1.0,
            1.0,
            1.0,
            1.224824885442813,
            0.5,
            1.118033988749895,
            1.118033988749895,
            1.118033988749895,
            1.118033988749895,
            1.118033988749895,
            1.118033988749895,
            1.118033988749895,
            1.118033988749895,
            1.118033988749895,
            1.118033988749895,
            1.118033988749895,
            1.4352700094407325,
            1.4177446878757824
        ],
        [
            1.224824885442813,
            1.1191514642799696,
            1.118033988749895,
            1.1224972160321824,
            1.1357816691600546,
            1.1575836902790226,
            1.1874342087037917,
            1.224744871391589,
            1.268857754044952,
            1.319090595827292,
            1.374772708486752,
            1.4352700094407325,
            1.1181216391788507,
            1.0308714759852462,
            1.0680922244825117,
            1.0916053545123348,
            1.1045010468532839,
            1.0,
            0.0,
            1.0,
            1.0,
            1.0,
            1.0,
            1.0,
            1.0,
            1.0,
            1.0,
            1.224824885442813,
            1.118033988749895,
            0.5,
            1.118033988749895,
            1.118033988749895,
            1.118033988749895,
            1.118033988749895,
            1.118033988749895,
            1.118033988749895,
            1.118033988749895,
            1.118033988749895,
            1.118033988749895,
            1.118033988749895,
            1.4352700094407325,
            1.4177446878757824
        ],
        [
            1.224824885442813,
            1.1191514642799696,
            1.118033988749895,
            1.1224972160321824,
            1.1357816691600546,
            1.1575836902790226,
            1.1874342087037917,
            1.224744871391589,
            1.268857754044952,
            1.319090595827292,
            1.374772708486752,
            1.4352700094407325,
            1.1181216391788507,
            1.0308714759852462,
            1.0680922244825117,
            1.0916053545123348,
            1.1045010468532839,
            1.0,
            1.0,
            0.0,
            1.0,
            1.0,
            1.0,
            1.0,
            1.0,
            1.0,
            1.0,
            1.224824885442813,
            1.118033988749895,
            1.118033988749895,
            0.5,
            1.118033988749895,
            1.118033988749895,
            1.118033988749895,
            1.118033988749895,
            1.118033988749895,
            1.118033988749895,
            1.118033988749895,
            1.118033988749895,
            1.118033988749895,
            1.4352700094407325,
            1.4177446878757824
        ],
        [
            1.224824885442813,
            1.1191514642799696,
            1.118033988749895,
            1.1224972160321824,
            1.1357816691600546,
            1.1575836902790226,
            1.1874342087037917,
            1.224744871391589,
            1.268857754044952,
            1.319090595827292,
            1.374772708486752,
            1.4352700094407325,
            1.1181216391788507,
            1.0308714759852462,
            1.0680922244825117,
            1.0916053545123348,
            1.1045010468532839,
            1.0,
            1.0,
            1.0,
            0.0,
            1.0,
            1.0,
            1.0,
            1.0,
            1.0,
            1.0,
            1.224824885442813,
            1.118033988749895,
            1.118033988749895,
            1.118033988749895,
            0.5,
            1.118033988749895,
            1.118033988749895,
            1.118033988749895,
            1.118033988749895,
            1.118033988749895,
            1.118033988749895,
            1.118033988749895,
            1.118033988749895,
            1.4352700094407325,
            1.4177446878757824
        ],
        [
            0.7072453605362145,
            0.5024937810560445,
            0.5,
            0.5099019513592785,
            0.5385164807134504,
            0.5830951894845301,
            0.6403124237432849,
            0.7071067811865476,
            0.7810249675906654,
            0.8602325267042628,
            0.9433981132056605,
            1.0295630140987,
            0.5001959615990517,
            0.25039169315294785,
            0.37526124233658875,
            0.43772394268534137,
            0.4689590200646534,
            1.0,
            1.0,
            1.0,
            1.0,
            0.0,
            1.0,
            1.0,
            1.0,
            1.0,
            1.0,
            0.7072453605362145,
            1.118033988749895,
            1.118033988749895,
            1.118033988749895,
            1.118033988749895,
            0.5,
            1.118033988749895,
            1.118033988749895,
            1.118033988749895,
            1.118033988749895,
            1.118033988749895,
            0.5,
            0.5,
            1.0295630140987,
            1.004987562112089
        ],
        [
            1.224824885442813,
            1.1191514642799696,
            1.118033988749895,
            1.1224972160321824,
            1.1357816691600546,
            1.1575836902790226,
            1.1874342087037917,
            1.224744871391589,
            1.268857754044952,
            1.319090595827292,
            1.374772708486752,
            1.4352700094407325,
            1.1181216391788507,
            1.0308714759852462,
            1.0680922244825117,
            1.0916053545123348,
            1.1045010468532839,
            1.0,
            1.0,
            1.0,
            1.0,
            1.0,
            0.0,
            1.0,
            1.0,
            1.0,
            1.0,
            1.224824885442813,
            1.118033988749895,
            1.118033988749895,
            1.118033988749895,
            1.118033988749895,
            1.118033988749895,
            0.5,
            1.118033988749895,
            1.118033988749895,
            1.118033988749895,
            1.118033988749895,
            1.118033988749895,
            1.118033988749895,
            1.4352700094407325,
            1.4177446878757824
        ],
        [
            1.224824885442813,
            1.1191514642799696,
            1.118033988749895,
            1.1224972160321824,
            1.1357816691600546,
            1.1575836902790226,
            1.1874342087037917,
            1.224744871391589,
            1.268857754044952,
            1.319090595827292,
            1.374772708486752,
            1.4352700094407325,
            1.1181216391788507,
            1.0308714759852462,
            1.0680922244825117,
            1.0916053545123348,
            1.1045010468532839,
            1.0,
            1.0,
            1.0,
            1.0,
            1.0,
            1.0,
            0.0,
            1.0,
            1.0,
            1.0,
            1.224824885442813,
            1.118033988749895,
            1.118033988749895,
            1.118033988749895,
            1.118033988749895,
            1.118033988749895,
            1.118033988749895,
            0.5,
            1.118033988749895,
            1.118033988749895,
            1.118033988749895,
            1.118033988749895,
            1.118033988749895,
            1.4352700094407325,
            1.4177446878757824
        ],
        [
            1.224824885442813,
            1.1191514642799696,
            1.118033988749895,
            1.1224972160321824,
            1.1357816691600546,
            1.1575836902790226,
            1.1874342087037917,
            1.224744871391589,
            1.268857754044952,
            1.319090595827292,
            1.374772708486752,
            1.4352700094407325,
            1.1181216391788507,
            1.0308714759852462,
            1.0680922244825117,
            1.0916053545123348,
            1.1045010468532839,
            1.0,
            1.0,
            1.0,
            1.0,
            1.0,
            1.0,
            1.0,
            0.0,
            1.0,
            1.0,
            1.224824885442813,
            1.118033988749895,
            1.118033988749895,
            1.118033988749895,
            1.118033988749895,
            1.118033988749895,
            1.118033988749895,
            1.118033988749895,
            0.5,
            1.118033988749895,
            1.118033988749895,
            1.118033988749895,
            1.118033988749895,
            1.4352700094407325,
            1.4177446878757824
        ],
        [
            1.224824885442813,
            1.1191514642799696,
            1.118033988749895,
            1.1224972160321824,
            1.1357816691600546,
            1.1575836902790226,
            1.1874342087037917,
            1.224744871391589,
            1.268857754044952,
            1.319090595827292,
            1.374772708486752,
            1.4352700094407325,
            1.1181216391788507,
            1.0308714759852462,
            1.0680922244825117,
            1.0916053545123348,
            1.1045010468532839,
            1.0,
            1.0,
            1.0,
            1.0,
            1.0,
            1.0,
            1.0,
            1.0,
            0.0,
            1.0,
            1.224824885442813,
            1.118033988749895,
            1.118033988749895,
            1.118033988749895,
            1.118033988749895,
            1.118033988749895,
            1.118033988749895,
            1.118033988749895,
            1.118033988749895,
            0.5,
            1.118033988749895,
            1.118033988749895,
            1.118033988749895,
            1.4352700094407325,
            1.4177446878757824
        ],
        [
            1.224824885442813,
            1.1191514642799696,
            1.118033988749895,
            1.1224972160321824,
            1.1357816691600546,
            1.1575836902790226,
            1.1874342087037917,
            1.224744871391589,
            1.268857754044952,
            1.319090595827292,
            1.374772708486752,
            1.4352700094407325,
            1.1181216391788507,
            1.0308714759852462,
            1.0680922244825117,
            1.0916053545123348,
            1.1045010468532839,
            1.0,
            1.0,
            1.0,
            1.0,
            1.0,
            1.0,
            1.0,
            1.0,
            1.0,
            0.0,
            1.224824885442813,
            1.118033988749895,
            1.118033988749895,
            1.118033988749895,
            1.118033988749895,
            1.118033988749895,
            1.118033988749895,
            1.118033988749895,
            1.118033988749895,
            1.118033988749895,
            0.5,
            1.118033988749895,
            1.118033988749895,
            1.4352700094407325,
            1.4177446878757824
        ],
        [
            0.5,
            0.7099971830930035,
            0.7072453605362145,
            0.7123173450085292,
            0.7311607210456535,
            0.7627555309533979,
            0.8056028798359649,
            0.8580186478160017,
            0.918365940134977,
            0.9851883068733611,
            1.057258719519494,
            1.1335766405497247,
            0.5,
            0.9013878188659973,
            1.0077822185373186,
            1.0625,
            1.0901727214070256,
            1.224824885442813,
            1.224824885442813,
            1.224824885442813,
            1.224824885442813,
            0.7072453605362145,
            1.224824885442813,
            1.224824885442813,
            1.224824885442813,
            1.224824885442813,
            1.224824885442813,
            0.0,
            1.1181216391788507,
            1.1181216391788507,
            1.1181216391788507,
            1.1181216391788507,
            0.5001959615990517,
            1.1181216391788507,
            1.1181216391788507,
            1.1181216391788507,
            1.1181216391788507,
            1.1181216391788507,
            0.7072453605362145,
            0.7072453605362145,
            1.1335766405497247,
            1.1213367023334249
        ],
        [
            1.224824885442813,
            1.1191514642799696,
            1.118033988749895,
            1.1224972160321824,
            1.1357816691600546,
            1.1575836902790226,
            1.1874342087037917,
            1.224744871391589,
            1.268857754044952,
            1.319090595827292,
            1.374772708486752,
            1.4352700094407325,
            1.224824885442813,
            1.145729461958625,
            1.1793307424128314,
            1.2006674185635255,
            1.21240363019087,
            0.5,
            1.118033988749895,
            1.118033988749895,
            1.118033988749895,
            1.118033988749895,
            1.118033988749895,
            1.118033988749895,
            1.118033988749895,
            1.118033988749895,
            1.118033988749895,
            1.1181216391788507,
            0.0,
            1.0,
            1.0,
            1.0,
            1.0,
            1.0,
            1.0,
            1.0,
            1.0,
            1.0,
            1.118033988749895,
            1.118033988749895,
            1.4352700094407325,
            1.4177446878757824
        ],
        [
            1.224824885442813,
            1.1191514642799696,
            1.118033988749895,
            1.1224972160321824,
            1.1357816691600546,
            1.1575836902790226,
            1.1874342087037917,
            1.224744871391589,
            1.268857754044952,
            1.319090595827292,
            1.374772708486752,
            1.4352700094407325,
            1.224824885442813,
            1.145729461958625,
            1.1793307424128314,
            1.2006674185635255,
            1.21240363019087,
            1.118033988749895,
            0.5,
            1.118033988749895,
            1.118033988749895,
            1.118033988749895,
            1.118033988749895,
            1.118033988749895,
            1.118033988749895,
            1.118033988749895,
            1.118033988749895,
            1.1181216391788507,
            1.0,
            0.0,
            1.0,
            1.0,
            1.0,
            1.0,
            1.0,
            1.0,
            1.0,
            1.0,
            1.118033988749895,
            1.118033988749895,
            1.4352700094407325,
            1.4177446878757824
        ],
        [
            1.224824885442813,
            1.1191514642799696,
            1.118033988749895,
            1.1224972160321824,
            1.1357816691600546,
            1.1575836902790226,
            1.1874342087037917,
            1.224744871391589,
            1.268857754044952,
            1.319090595827292,
            1.374772708486752,
            1.4352700094407325,
            1.224824885442813,
            1.145729461958625,
            1.1793307424128314,
            1.2006674185635255,
            1.21240363019087,
            1.118033988749895,
            1.118033988749895,
            0.5,
            1.118033988749895,
            1.118033988749895,
            1.118033988749895,
            1.118033988749895,
            1.118033988749895,
            1.118033988749895,
            1.118033988749895,
            1.1181216391788507,
            1.0,
            1.0,
            0.0,
            1.0,
            1.0,
            1.0,
            1.0,
            1.0,
            1.0,
            1.0,
            1.118033988749895,
            1.118033988749895,
            1.4352700094407325,
            1.4177446878757824
        ],
        [
            1.224824885442813,
            1.1191514642799696,
            1.118033988749895,
            1.1224972160321824,
            1.1357816691600546,
            1.1575836902790226,
            1.1874342087037917,
            1.224744871391589,
            1.268857754044952,
            1.319090595827292,
            1.374772708486752,
            1.4352700094407325,
            1.224824885442813,
            1.145729461958625,
            1.1793307424128314,
            1.2006674185635255,
            1.21240363019087,
            1.118033988749895,
            1.118033988749895,
            1.118033988749895,
            0.5,
            1.118033988749895,
